0 23 6 57 35 33 15 26 12 9 61 42 27 50 59 3 6 60 66 52 56 11 8 7 29 22 10 62 3 67 15 9 42 22 18 29 7 33 56 51 42 69 13 21 39 24 57 78 4 75 
23 0 50 13 6 11 20 36 33 62 50 36 1 65 45 44 7 16 25 46 49 33 17 44 55 62 65 14 7 74 44 43 70 47 8 76 58 28 64 43 11 34 79 12 20 76 8 59 12 66 
6 50 0 26 14 19 75 10 74 58 27 41 17 22 37 12 12 36 21 40 46 1 25 9 44 59 40 9 31 37 17 11 1 35 69 47 7 16 57 33 26 5 26 43 59 64 8 71 52 29 
57 13 26 0 63 19 30 8 28 75 20 69 36 3 58 5 46 11 41 35 59 48 4 68 1 30 73 60 74 4 44 34 27 16 63 11 67 45 19 16 72 71 37 28 75 47 34 41 58 75 
35 6 14 63 0 29 37 75 33 58 28 63 51 8 9 56 4 43 3 53 58 46 40 24 18 8 48 9 77 77 36 44 63 30 23 10 59 12 5 44 70 65 59 74 26 69 2 62 64 37 
33 11 19 19 29 0 67 75 4 28 51 22 68 19 63 66 48 20 62 31 50 5 41 61 50 78 25 40 16 4 66 42 25 68 56 42 58 44 37 62 24 40 36 12 59 19 30 28 71 13 
15 20 75 30 37 67 0 11 41 50 53 54 20 3 79 61 19 36 79 13 13 68 70 55 46 66 44 60 10 4 16 22 16 67 5 76 59 18 7 52 68 12 59 9 16 10 22 67 46 21 
26 36 10 8 75 75 11 0 33 12 41 55 19 39 41 64 19 51 20 67 25 68 7 30 64 18 0 24 22 69 36 1 30 4 12 52 72 10 25 25 22 19 0 42 58 73 58 30 44 30 
12 33 74 28 33 4 41 33 0 49 21 19 56 52 35 74 4 59 49 73 16 50 55 20 62 59 44 73 5 21 47 24 53 41 34 46 19 64 42 2 66 64 21 42 68 8 69 72 68 38 
9 62 58 75 58 28 50 12 49 0 18 36 8 73 8 23 53 53 48 10 74 47 66 48 9 20 46 28 37 9 30 23 73 3 17 13 12 6 5 32 76 55 68 37 49 76 60 54 1 60 
61 50 27 20 28 51 53 41 21 18 0 64 28 27 50 28 36 22 74 17 59 3 79 2 28 3 20 41 47 58 79 31 55 54 19 12 55 47 24 29 49 4 45 29 63 15 57 20 38 51 
42 36 41 69 63 22 54 55 19 36 64 0 69 49 7 68 52 35 23 24 29 70 2 60 21 9 66 72 21 42 40 77 23 41 1 69 70 65 36 47 37 74 50 26 44 57 14 48 45 38 
27 1 17 36 51 68 20 19 56 8 28 69 0 72 26 60 26 6 34 36 72 58 9 66 50 7 10 11 40 31 33 57 67 32 46 14 35 72 10 12 39 10 9 29 34 35 41 60 73 27 
50 65 22 3 8 19 3 39 52 73 27 49 72 0 48 18 6 10 4 56 17 46 20 9 77 5 19 17 38 65 63 73 58 73 37 49 3 47 78 37 34 71 49 60 19 18 78 25 28 34 
59 45 37 58 9 63 79 41 35 8 50 7 26 48 0 33 77 1 53 38 30 59 57 79 49 43 62 74 53 7 31 22 42 30 52 31 17 75 1 77 14 51 27 71 31 61 57 60 14 30 
3 44 12 5 56 66 61 64 74 23 28 68 60 18 33 0 18 45 41 76 76 42 71 59 36 44 18 20 18 61 50 22 12 19 17 45 16 64 16 43 7 79 57 64 59 71 47 30 36 40 
6 7 12 46 4 48 19 19 4 53 36 52 26 6 77 18 0 58 65 3 49 44 71 45 14 11 15 75 14 69 8 33 38 5 2 22 22 77 30 53 54 46 33 46 13 63 34 54 73 19 
60 16 36 11 43 20 36 51 59 53 22 35 6 10 1 45 58 0 57 42 15 48 39 30 12 54 57 26 75 17 11 33 23 13 8 45 11 70 18 17 36 3 15 50 18 50 24 11 21 33 
66 25 21 41 3 62 79 20 49 48 74 23 34 4 53 41 65 57 0 5 69 33 44 51 45 50 28 23 45 46 35 79 69 0 7 66 43 77 36 61 65 40 76 35 10 78 11 22 52 76 
52 46 40 35 53 31 13 67 73 10 17 24 36 56 38 76 3 42 5 0 59 41 30 24 12 27 74 40 3 72 38 70 23 27 70 30 13 34 59 2 47 44 42 75 32 4 74 43 58 46 
56 49 46 59 58 50 13 25 16 74 59 29 72 17 30 76 49 15 69 59 0 40 38 39 22 62 3 1 8 43 4 32 2 74 55 61 17 5 27 51 16 29 18 61 23 13 13 27 39 8 
11 33 1 48 46 5 68 68 50 47 3 70 58 46 59 42 44 48 33 41 40 0 6 37 0 44 28 54 58 31 56 18 75 12 51 29 39 26 10 56 64 69 59 0 18 29 13 41 74 58 
8 17 25 4 40 41 70 7 55 66 79 2 9 20 57 71 71 39 44 30 38 6 0 69 66 67 27 23 67 71 52 42 1 35 50 19 30 14 70 11 53 17 54 61 1 43 40 33 62 21 
7 44 9 68 24 61 55 30 20 48 2 60 66 9 79 59 45 30 51 24 39 37 69 0 47 55 16 25 44 2 12 71 57 32 14 61 26 15 17 28 35 79 42 57 43 16 74 17 29 27 
29 55 44 1 18 50 46 64 62 9 28 21 50 77 49 36 14 12 45 12 22 0 66 47 0 12 22 61 26 43 60 2 11 5 46 45 50 70 23 34 36 36 60 52 5 8 39 5 50 16 
22 62 59 30 8 78 66 18 59 20 3 9 7 5 43 44 11 54 50 27 62 44 67 55 12 0 0 18 43 17 48 22 61 70 35 8 65 15 10 77 53 8 42 23 30 17 57 67 6 69 
10 65 40 73 48 25 44 0 44 46 20 66 10 19 62 18 15 57 28 74 3 28 27 16 22 0 0 71 11 29 30 48 79 78 48 50 73 17 50 16 79 72 51 7 57 19 17 6 72 57 
62 14 9 60 9 40 60 24 73 28 41 72 11 17 74 20 75 26 23 40 1 54 23 25 61 18 71 0 1 15 8 18 24 75 56 45 66 68 74 48 68 73 78 37 75 72 54 45 40 5 
3 7 31 74 77 16 10 22 5 37 47 21 40 38 53 18 14 75 45 3 8 58 67 44 26 43 11 1 0 37 43 12 47 62 61 53 54 39 54 21 79 25 77 74 1 42 12 21 36 12 
67 74 37 4 77 4 4 69 21 9 58 42 31 65 7 61 69 17 46 72 43 31 71 2 43 17 29 15 37 0 10 62 42 79 57 34 53 55 26 11 44 70 23 11 52 37 17 59 28 71 
15 44 17 44 36 66 16 36 47 30 79 40 33 63 31 50 8 11 35 38 4 56 52 12 60 48 30 8 43 10 0 0 27 16 30 21 50 72 65 71 29 77 1 43 71 32 20 26 38 27 
9 43 11 34 44 42 22 1 24 23 31 77 57 73 22 22 33 33 79 70 32 18 42 71 2 22 48 18 12 62 0 0 4 49 72 74 24 35 79 61 52 58 9 76 10 36 44 40 9 14 
42 70 1 27 63 25 16 30 53 73 55 23 67 58 42 12 38 23 69 23 2 75 1 57 11 61 79 24 47 42 27 4 0 65 74 6 46 23 39 9 15 72 61 73 30 9 29 31 33 24 
22 47 35 16 30 68 67 4 41 3 54 41 32 73 30 19 5 13 0 27 74 12 35 32 5 70 78 75 62 79 16 49 65 0 55 68 55 37 73 33 78 69 75 35 33 68 76 0 53 23 
18 8 69 63 23 56 5 12 34 17 19 1 46 37 52 17 2 8 7 70 55 51 50 14 46 35 48 56 61 57 30 72 74 55 0 6 51 78 77 60 45 21 41 70 3 50 20 34 35 44 
29 76 47 11 10 42 76 52 46 13 12 69 14 49 31 45 22 45 66 30 61 29 19 61 45 8 50 45 53 34 21 74 6 68 6 0 42 24 19 79 49 4 29 38 31 16 23 19 13 23 
7 58 7 67 59 58 59 72 19 12 55 70 35 3 17 16 22 11 43 13 17 39 30 26 50 65 73 66 54 53 50 24 46 55 51 42 0 24 36 61 75 66 11 7 32 32 49 22 68 51 
33 28 16 45 12 44 18 10 64 6 47 65 72 47 75 64 77 70 77 34 5 26 14 15 70 15 17 68 39 55 72 35 23 37 78 24 24 0 42 54 7 38 16 63 57 47 32 13 77 22 
56 64 57 19 5 37 7 25 42 5 24 36 10 78 1 16 30 18 36 59 27 10 70 17 23 10 50 74 54 26 65 79 39 73 77 19 36 42 0 45 13 77 16 58 21 73 46 34 20 33 
51 43 33 16 44 62 52 25 2 32 29 47 12 37 77 43 53 17 61 2 51 56 11 28 34 77 16 48 21 11 71 61 9 33 60 79 61 54 45 0 45 28 65 30 29 39 18 0 2 24 
42 11 26 72 70 24 68 22 66 76 49 37 39 34 14 7 54 36 65 47 16 64 53 35 36 53 79 68 79 44 29 52 15 78 45 49 75 7 13 45 0 39 40 41 22 50 40 6 63 69 
69 34 5 71 65 40 12 19 64 55 4 74 10 71 51 79 46 3 40 44 29 69 17 79 36 8 72 73 25 70 77 58 72 69 21 4 66 38 77 28 39 0 60 28 3 58 77 13 31 70 
13 79 26 37 59 36 59 0 21 68 45 50 9 49 27 57 33 15 76 42 18 59 54 42 60 42 51 78 77 23 1 9 61 75 41 29 11 16 16 65 40 60 0 60 65 10 13 31 38 30 
21 12 43 28 74 12 9 42 42 37 29 26 29 60 71 64 46 50 35 75 61 0 61 57 52 23 7 37 74 11 43 76 73 35 70 38 7 63 58 30 41 28 60 0 61 67 69 31 20 23 
39 20 59 75 26 59 16 58 68 49 63 44 34 19 31 59 13 18 10 32 23 18 1 43 5 30 57 75 1 52 71 10 30 33 3 31 32 57 21 29 22 3 65 61 0 55 59 64 48 34 
24 76 64 47 69 19 10 73 8 76 15 57 35 18 61 71 63 50 78 4 13 29 43 16 8 17 19 72 42 37 32 36 9 68 50 16 32 47 73 39 50 58 10 67 55 0 66 9 72 49 
57 8 8 34 2 30 22 58 69 60 57 14 41 78 57 47 34 24 11 74 13 13 40 74 39 57 17 54 12 17 20 44 29 76 20 23 49 32 46 18 40 77 13 69 59 66 0 30 53 30 
78 59 71 41 62 28 67 30 72 54 20 48 60 25 60 30 54 11 22 43 27 41 33 17 5 67 6 45 21 59 26 40 31 0 34 19 22 13 34 0 6 13 31 31 64 9 30 0 33 63 
4 12 52 58 64 71 46 44 68 1 38 45 73 28 14 36 73 21 52 58 39 74 62 29 50 6 72 40 36 28 38 9 33 53 35 13 68 77 20 2 63 31 38 20 48 72 53 33 0 27 
75 66 29 75 37 13 21 30 38 60 51 38 27 34 30 40 19 33 76 46 8 58 21 27 16 69 57 5 12 71 27 14 24 23 44 23 51 22 33 24 69 70 30 23 34 49 30 63 27 0 
