299
247
229
92
242
295
148
238
48
77
81
121
13
212
280
125
215
89
208
138
272
129
237
84
27
88
178
56
153
55
192
134
82
265
135
294
252
197
205
109
211
113
99
267
41
2
103
120
174
86
23
40
256
241
140
160
1
156
276
74
191
68
47
186
9
161
145
124
203
258
144
93
151
171
185
16
61
128
259
112
44
180
31
214
183
17
142
150
57
87
275
43
26
66
72
143
236
222
11
76
102
111
19
273
184
221
298
46
131
118
5
36
24
137
257
28
3
293
245
196
168
101
181
249
297
65
230
139
123
232
110
149
90
157
216
158
218
189
94
262
179
133
136
250
51
288
58
104
217
239
296
202
107
270
70
78
240
22
14
62
52
37
73
219
132
176
6
60
114
281
10
106
199
201
25
159
287
243
172
127
231
165
200
30
115
233
162
97
175
254
261
244
266
21
268
67
80
32
100
42
33
85
122
95
130
147
166
8
154
284
278
38
193
152
264
29
177
108
194
105
286
260
170
146
292
15
234
223
285
12
98
263
209
220
169
274
190
91
7
49
50
39
83
167
71
96
235
35
271
63
251
246
279
227
188
126
69
163
173
119
59
198
187
277
204
224
206
18
290
210
253
116
255
141
291
283
155
75
64
226
117
289
228
248
282
4
269
0
207
53
34
213
164
182
54
45
20
79
225
195
